0,0,1,0,1,0,-1,0,0,0,0,0.5,0
-2.6297e-05,0,1,0,1,0,-1,0,-2.6297e-05,3.5359e-05,0,0.5,0
-0.00010495,0,1,0,1,0,-1,0,-0.00010495,0.00014112,0,0.50002,0
-0.00023561,0,1,0,1,0,-1,0,-0.00023561,0.00031681,0,0.50004,0
-0.00041792,0,1,0,1,0,-1,0,-0.00041792,0.00056196,0,0.50007,0
-0.00065154,0,1,0,1,0,-1,0,-0.00065154,0.0008761,0,0.50011,0
-0.0009361,0,1,0,1,0,-1,0,-0.0009361,0.0012588,0,0.50016,0
-0.0012713,0,1,0,1,0,-1,0,-0.0012713,0.0017095,0,0.50021,0
-0.0016567,0,1,0,1,0,-1,0,-0.0016567,0.0022278,0,0.50028,0
-0.0020919,0,1,0,1,0,-1,0,-0.0020919,0.0028132,0,0.50035,0
-0.0025768,0,1,0,1,0,-1,0,-0.0025768,0.0034653,0,0.50043,0
-0.0031108,0,1,0,1,0,-1,0,-0.0031108,0.0041836,0,0.50052,0
-0.0036936,0,0.99999,0,1,0,-0.99999,0,-0.0036936,0.0049676,0,0.50061,0
-0.0043249,0,0.99999,0,1,0,-0.99999,0,-0.0043249,0.0058169,0,0.50071,0
-0.0050044,0,0.99999,0,1,0,-0.99999,0,-0.0050044,0.006731,0,0.50082,0
-0.0057316,0,0.99998,0,1,0,-0.99998,0,-0.0057316,0.0077095,0,0.50094,0
-0.0065062,0,0.99998,0,1,0,-0.99998,0,-0.0065062,0.0087519,0,0.50106,0
-0.0073279,0,0.99997,0,1,0,-0.99997,0,-0.0073279,0.0098577,0,0.5012,0
-0.0081963,0,0.99997,0,1,0,-0.99997,0,-0.0081963,0.011026,0,0.50133,0
-0.0091111,0,0.99996,0,1,0,-0.99996,0,-0.0091111,0.012258,0,0.50148,0
-0.010072,0,0.99995,0,1,0,-0.99995,0,-0.010072,0.013551,0,0.50162,0
-0.011078,0,0.99994,0,1,0,-0.99994,0,-0.011078,0.014906,0,0.50178,0
-0.01213,0,0.99993,0,1,0,-0.99993,0,-0.01213,0.016322,0,0.50194,0
-0.013227,0,0.99991,0,1,0,-0.99991,0,-0.013227,0.017799,0,0.50211,0
-0.014368,0,0.9999,0,1,0,-0.9999,0,-0.014368,0.019336,0,0.50228,0
-0.015553,0,0.99988,0,1,0,-0.99988,0,-0.015553,0.020933,0,0.50245,0
-0.016783,0,0.99986,0,1,0,-0.99986,0,-0.016783,0.02259,0,0.50263,0
-0.018055,0,0.99984,0,1,0,-0.99984,0,-0.018055,0.024305,0,0.50281,0
-0.019371,0,0.99981,0,1,0,-0.99981,0,-0.019371,0.026078,0,0.503,0
-0.02073,0,0.99979,0,1,0,-0.99979,0,-0.02073,0.02791,0,0.50319,0
-0.022131,0,0.99976,0,1,0,-0.99976,0,-0.022131,0.029799,0,0.50339,0
-0.023575,0,0.99972,0,1,0,-0.99972,0,-0.023575,0.031745,0,0.50359,0
-0.02506,0,0.99969,0,1,0,-0.99969,0,-0.02506,0.033748,0,0.50379,0
-0.026586,0,0.99965,0,1,0,-0.99965,0,-0.026586,0.035807,0,0.50399,0
-0.028153,0,0.9996,0,1,0,-0.9996,0,-0.028153,0.037922,0,0.5042,0
-0.029761,0,0.99956,0,1,0,-0.99956,0,-0.029761,0.040092,0,0.50441,0
-0.03141,0,0.99951,0,1,0,-0.99951,0,-0.03141,0.042317,0,0.50461,0
-0.033098,0,0.99945,0,1,0,-0.99945,0,-0.033098,0.044596,0,0.50483,0
-0.034826,0,0.99939,0,1,0,-0.99939,0,-0.034826,0.046929,0,0.50504,0
-0.036593,0,0.99933,0,1,0,-0.99933,0,-0.036593,0.049315,0,0.50525,0
-0.038398,0,0.99926,0,1,0,-0.99926,0,-0.038398,0.051754,0,0.50546,0
-0.040242,0,0.99919,0,1,0,-0.99919,0,-0.040242,0.054246,0,0.50567,0
-0.042125,0,0.99911,0,1,0,-0.99911,0,-0.042125,0.05679,0,0.50589,0
-0.044045,0,0.99903,0,1,0,-0.99903,0,-0.044045,0.059386,0,0.5061,0
-0.046002,0,0.99894,0,1,0,-0.99894,0,-0.046002,0.062033,0,0.50631,0
-0.047996,0,0.99885,0,1,0,-0.99885,0,-0.047996,0.06473,0,0.50652,0
-0.050027,0,0.99875,0,1,0,-0.99875,0,-0.050027,0.067477,0,0.50672,0
-0.052094,0,0.99864,0,1,0,-0.99864,0,-0.052094,0.070275,0,0.50693,0
-0.054197,0,0.99853,0,1,0,-0.99853,0,-0.054197,0.073121,0,0.50713,0
-0.056336,0,0.99841,0,1,0,-0.99841,0,-0.056336,0.076017,0,0.50733,0
-0.05851,0,0.99829,0,1,0,-0.99829,0,-0.05851,0.07896,0,0.50753,0
-0.060718,0,0.99815,0,1,0,-0.99815,0,-0.060718,0.081952,0,0.50772,0
-0.062961,0,0.99802,0,1,0,-0.99802,0,-0.062961,0.084991,0,0.50791,0
-0.065237,0,0.99787,0,1,0,-0.99787,0,-0.065237,0.088076,0,0.5081,0
-0.067548,0,0.99772,0,1,0,-0.99772,0,-0.067548,0.091209,0,0.50828,0
-0.069891,0,0.99755,0,1,0,-0.99755,0,-0.069891,0.094387,0,0.50846,0
-0.072268,0,0.99739,0,1,0,-0.99739,0,-0.072268,0.097611,0,0.50863,0
-0.074676,0,0.99721,0,1,0,-0.99721,0,-0.074676,0.10088,0,0.50879,0
-0.077117,0,0.99702,0,1,0,-0.99702,0,-0.077117,0.10419,0,0.50896,0
-0.07959,0,0.99683,0,1,0,-0.99683,0,-0.07959,0.10755,0,0.50911,0
-0.082094,0,0.99662,0,1,0,-0.99662,0,-0.082094,0.11095,0,0.50926,0
-0.084629,0,0.99641,0,1,0,-0.99641,0,-0.084629,0.1144,0,0.5094,0
-0.087194,0,0.99619,0,1,0,-0.99619,0,-0.087194,0.11788,0,0.50953,0
-0.08979,0,0.99596,0,1,0,-0.99596,0,-0.08979,0.12141,0,0.50966,0
-0.092415,0,0.99572,0,1,0,-0.99572,0,-0.092415,0.12498,0,0.50978,0
-0.09507,0,0.99547,0,1,0,-0.99547,0,-0.09507,0.12859,0,0.50989,0
-0.097753,0,0.99521,0,1,0,-0.99521,0,-0.097753,0.13224,0,0.50999,0
-0.10047,0,0.99494,0,1,0,-0.99494,0,-0.10047,0.13594,0,0.51008,0
-0.10321,0,0.99466,0,1,0,-0.99466,0,-0.10321,0.13967,0,0.51016,0
-0.10597,0,0.99437,0,1,0,-0.99437,0,-0.10597,0.14344,0,0.51024,0
-0.10877,0,0.99407,0,1,0,-0.99407,0,-0.10877,0.14725,0,0.5103,0
-0.11159,0,0.99375,0,1,0,-0.99375,0,-0.11159,0.1511,0,0.51035,0
-0.11444,0,0.99343,0,1,0,-0.99343,0,-0.11444,0.15498,0,0.5104,0
-0.11732,0,0.99309,0,1,0,-0.99309,0,-0.11732,0.15891,0,0.51043,0
-0.12022,0,0.99275,0,1,0,-0.99275,0,-0.12022,0.16286,0,0.51045,0
-0.12314,0,0.99239,0,1,0,-0.99239,0,-0.12314,0.16686,0,0.51046,0
-0.1261,0,0.99202,0,1,0,-0.99202,0,-0.1261,0.17089,0,0.51046,0
-0.12907,0,0.99164,0,1,0,-0.99164,0,-0.12907,0.17496,0,0.51044,0
-0.13207,0,0.99124,0,1,0,-0.99124,0,-0.13207,0.17906,0,0.51042,0
-0.1351,0,0.99083,0,1,0,-0.99083,0,-0.1351,0.18319,0,0.51038,0
-0.13814,0,0.99041,0,1,0,-0.99041,0,-0.13814,0.18736,0,0.51032,0
-0.14121,0,0.98998,0,1,0,-0.98998,0,-0.14121,0.19156,0,0.51026,0
-0.14431,0,0.98953,0,1,0,-0.98953,0,-0.14431,0.1958,0,0.51018,0
-0.14742,0,0.98907,0,1,0,-0.98907,0,-0.14742,0.20006,0,0.51008,0
-0.15056,0,0.9886,0,1,0,-0.9886,0,-0.15056,0.20436,0,0.50997,0
-0.15372,0,0.98811,0,1,0,-0.98811,0,-0.15372,0.20869,0,0.50985,0
-0.1569,0,0.98762,0,1,0,-0.98762,0,-0.1569,0.21305,0,0.50971,0
-0.1601,0,0.9871,0,1,0,-0.9871,0,-0.1601,0.21743,0,0.50956,0
-0.16332,0,0.98657,0,1,0,-0.98657,0,-0.16332,0.22185,0,0.50939,0
-0.16655,0,0.98603,0,1,0,-0.98603,0,-0.16655,0.2263,0,0.50921,0
-0.16981,0,0.98548,0,1,0,-0.98548,0,-0.16981,0.23077,0,0.50901,0
-0.17309,0,0.98491,0,1,0,-0.98491,0,-0.17309,0.23527,0,0.50879,0
-0.17639,0,0.98432,0,1,0,-0.98432,0,-0.17639,0.2398,0,0.50856,0
-0.1797,0,0.98372,0,1,0,-0.98372,0,-0.1797,0.24436,0,0.50831,0
-0.18303,0,0.98311,0,1,0,-0.98311,0,-0.18303,0.24894,0,0.50804,0
-0.18638,0,0.98248,0,1,0,-0.98248,0,-0.18638,0.25355,0,0.50776,0
-0.18974,0,0.98183,0,1,0,-0.98183,0,-0.18974,0.25818,0,0.50746,0
-0.19312,0,0.98117,0,1,0,-0.98117,0,-0.19312,0.26284,0,0.50714,0
-0.19652,0,0.9805,0,1,0,-0.9805,0,-0.19652,0.26752,0,0.5068,0
-0.19993,0,0.97981,0,1,0,-0.97981,0,-0.19993,0.27223,0,0.50645,0
-0.20336,0,0.9791,0,1,0,-0.9791,0,-0.20336,0.27695,0,0.50608,0
-0.2068,0,0.97838,0,1,0,-0.97838,0,-0.2068,0.2817,0,0.50569,0
-0.21026,0,0.97765,0,1,0,-0.97765,0,-0.21026,0.28647,0,0.50528,0
-0.21373,0,0.97689,0,1,0,-0.97689,0,-0.21373,0.29127,0,0.50485,0
-0.21721,0,0.97612,0,1,0,-0.97612,0,-0.21721,0.29608,0,0.5044,0
-0.22071,0,0.97534,0,1,0,-0.97534,0,-0.22071,0.30091,0,0.50393,0
-0.22422,0,0.97454,0,1,0,-0.97454,0,-0.22422,0.30576,0,0.50344,0
-0.22774,0,0.97372,0,1,0,-0.97372,0,-0.22774,0.31063,0,0.50294,0
-0.23127,0,0.97289,0,1,0,-0.97289,0,-0.23127,0.31552,0,0.50241,0
-0.23481,0,0.97204,0,1,0,-0.97204,0,-0.23481,0.32043,0,0.50186,0
-0.23837,0,0.97117,0,1,0,-0.97117,0,-0.23837,0.32536,0,0.5013,0
-0.24193,0,0.97029,0,1,0,-0.97029,0,-0.24193,0.3303,0,0.50071,0
-0.24551,0,0.96939,0,1,0,-0.96939,0,-0.24551,0.33525,0,0.5001,0
-0.24909,0,0.96848,0,1,0,-0.96848,0,-0.24909,0.34023,0,0.49948,0
-0.25268,0,0.96755,0,1,0,-0.96755,0,-0.25268,0.34521,0,0.49883,0
-0.25629,0,0.9666,0,1,0,-0.9666,0,-0.25629,0.35022,0,0.49816,0
-0.2599,0,0.96564,0,1,0,-0.96564,0,-0.2599,0.35523,0,0.49747,0
-0.26351,0,0.96466,0,1,0,-0.96466,0,-0.26351,0.36026,0,0.49676,0
-0.26714,0,0.96366,0,1,0,-0.96366,0,-0.26714,0.3653,0,0.49603,0
-0.27077,0,0.96264,0,1,0,-0.96264,0,-0.27077,0.37036,0,0.49527,0
-0.27441,0,0.96161,0,1,0,-0.96161,0,-0.27441,0.37542,0,0.4945,0
-0.27805,0,0.96057,0,1,0,-0.96057,0,-0.27805,0.3805,0,0.4937,0
-0.2817,0,0.9595,0,1,0,-0.9595,0,-0.2817,0.38558,0,0.49288,0
-0.28536,0,0.95842,0,1,0,-0.95842,0,-0.28536,0.39068,0,0.49205,0
-0.28902,0,0.95732,0,1,0,-0.95732,0,-0.28902,0.39579,0,0.49119,0
-0.29268,0,0.95621,0,1,0,-0.95621,0,-0.29268,0.4009,0,0.4903,0
-0.29635,0,0.95508,0,1,0,-0.95508,0,-0.29635,0.40602,0,0.4894,0
-0.30002,0,0.95393,0,1,0,-0.95393,0,-0.30002,0.41115,0,0.48847,0
-0.3037,0,0.95277,0,1,0,-0.95277,0,-0.3037,0.41629,0,0.48753,0
-0.30737,0,0.95159,0,1,0,-0.95159,0,-0.30737,0.42143,0,0.48656,0
-0.31105,0,0.95039,0,1,0,-0.95039,0,-0.31105,0.42658,0,0.48557,0
-0.31474,0,0.94918,0,1,0,-0.94918,0,-0.31474,0.43174,0,0.48456,0
-0.31842,0,0.94795,0,1,0,-0.94795,0,-0.31842,0.4369,0,0.48352,0
-0.3221,0,0.9467,0,1,0,-0.9467,0,-0.3221,0.44206,0,0.48247,0
-0.32579,0,0.94544,0,1,0,-0.94544,0,-0.32579,0.44723,0,0.48139,0
-0.32947,0,0.94416,0,1,0,-0.94416,0,-0.32947,0.4524,0,0.48029,0
-0.33316,0,0.94287,0,1,0,-0.94287,0,-0.33316,0.45757,0,0.47917,0
-0.33684,0,0.94156,0,1,0,-0.94156,0,-0.33684,0.46274,0,0.47803,0
-0.34053,0,0.94023,0,1,0,-0.94023,0,-0.34053,0.46792,0,0.47686,0
-0.34421,0,0.93889,0,1,0,-0.93889,0,-0.34421,0.47309,0,0.47568,0
-0.34789,0,0.93754,0,1,0,-0.93754,0,-0.34789,0.47827,0,0.47447,0
-0.35157,0,0.93616,0,1,0,-0.93616,0,-0.35157,0.48345,0,0.47324,0
-0.35524,0,0.93477,0,1,0,-0.93477,0,-0.35524,0.48862,0,0.47199,0
-0.35891,0,0.93337,0,1,0,-0.93337,0,-0.35891,0.4938,0,0.47072,0
-0.36258,0,0.93195,0,1,0,-0.93195,0,-0.36258,0.49897,0,0.46943,0
-0.36625,0,0.93052,0,1,0,-0.93052,0,-0.36625,0.50414,0,0.46812,0
-0.36991,0,0.92907,0,1,0,-0.92907,0,-0.36991,0.5093,0,0.46679,0
-0.37357,0,0.9276,0,1,0,-0.9276,0,-0.37357,0.51446,0,0.46543,0
-0.37722,0,0.92613,0,1,0,-0.92613,0,-0.37722,0.51962,0,0.46406,0
-0.38086,0,0.92463,0,1,0,-0.92463,0,-0.38086,0.52478,0,0.46266,0
-0.3845,0,0.92312,0,1,0,-0.92312,0,-0.3845,0.52992,0,0.46125,0
-0.38814,0,0.9216,0,1,0,-0.9216,0,-0.38814,0.53507,0,0.45981,0
-0.39176,0,0.92007,0,1,0,-0.92007,0,-0.39176,0.5402,0,0.45835,0
-0.39539,0,0.91852,0,1,0,-0.91852,0,-0.39539,0.54533,0,0.45688,0
-0.399,0,0.91695,0,1,0,-0.91695,0,-0.399,0.55045,0,0.45538,0
-0.4026,0,0.91537,0,1,0,-0.91537,0,-0.4026,0.55557,0,0.45387,0
-0.4062,0,0.91378,0,1,0,-0.91378,0,-0.4062,0.56067,0,0.45233,0
-0.40979,0,0.91218,0,1,0,-0.91218,0,-0.40979,0.56577,0,0.45078,0
-0.41337,0,0.91056,0,1,0,-0.91056,0,-0.41337,0.57085,0,0.44921,0
-0.41694,0,0.90893,0,1,0,-0.90893,0,-0.41694,0.57593,0,0.44762,0
-0.42051,0,0.90729,0,1,0,-0.90729,0,-0.42051,0.58099,0,0.44601,0
-0.42406,0,0.90564,0,1,0,-0.90564,0,-0.42406,0.58605,0,0.44438,0
-0.4276,0,0.90397,0,1,0,-0.90397,0,-0.4276,0.59109,0,0.44273,0
-0.43113,0,0.90229,0,1,0,-0.90229,0,-0.43113,0.59612,0,0.44107,0
-0.43465,0,0.9006,0,1,0,-0.9006,0,-0.43465,0.60114,0,0.43939,0
-0.43816,0,0.8989,0,1,0,-0.8989,0,-0.43816,0.60614,0,0.43769,0
-0.44166,0,0.89718,0,1,0,-0.89718,0,-0.44166,0.61114,0,0.43597,0
-0.44515,0,0.89546,0,1,0,-0.89546,0,-0.44515,0.61611,0,0.43424,0
-0.44862,0,0.89372,0,1,0,-0.89372,0,-0.44862,0.62108,0,0.43249,0
-0.45208,0,0.89198,0,1,0,-0.89198,0,-0.45208,0.62602,0,0.43072,0
-0.45553,0,0.89022,0,1,0,-0.89022,0,-0.45553,0.63095,0,0.42894,0
-0.45896,0,0.88846,0,1,0,-0.88846,0,-0.45896,0.63587,0,0.42714,0
-0.46238,0,0.88668,0,1,0,-0.88668,0,-0.46238,0.64077,0,0.42533,0
-0.46579,0,0.88489,0,1,0,-0.88489,0,-0.46579,0.64565,0,0.4235,0
-0.46919,0,0.8831,0,1,0,-0.8831,0,-0.46919,0.65051,0,0.42166,0
-0.47256,0,0.8813,0,1,0,-0.8813,0,-0.47256,0.65536,0,0.4198,0
-0.47593,0,0.87948,0,1,0,-0.87948,0,-0.47593,0.66019,0,0.41793,0
-0.47928,0,0.87766,0,1,0,-0.87766,0,-0.47928,0.665,0,0.41605,0
-0.48261,0,0.87584,0,1,0,-0.87584,0,-0.48261,0.66979,0,0.41415,0
-0.48593,0,0.874,0,1,0,-0.874,0,-0.48593,0.67456,0,0.41224,0
-0.48923,0,0.87216,0,1,0,-0.87216,0,-0.48923,0.6793,0,0.41031,0
-0.49251,0,0.8703,0,1,0,-0.8703,0,-0.49251,0.68403,0,0.40838,0
-0.49578,0,0.86845,0,1,0,-0.86845,0,-0.49578,0.68874,0,0.40643,0
-0.49903,0,0.86658,0,1,0,-0.86658,0,-0.49903,0.69343,0,0.40447,0
-0.50227,0,0.86471,0,1,0,-0.86471,0,-0.50227,0.69809,0,0.40249,0
-0.50549,0,0.86284,0,1,0,-0.86284,0,-0.50549,0.70273,0,0.40051,0
-0.50868,0,0.86095,0,1,0,-0.86095,0,-0.50868,0.70735,0,0.39852,0
-0.51187,0,0.85907,0,1,0,-0.85907,0,-0.51187,0.71194,0,0.39652,0
-0.51503,0,0.85717,0,1,0,-0.85717,0,-0.51503,0.71651,0,0.3945,0
-0.51817,0,0.85528,0,1,0,-0.85528,0,-0.51817,0.72106,0,0.39248,0
-0.5213,0,0.85338,0,1,0,-0.85338,0,-0.5213,0.72558,0,0.39045,0
-0.5244,0,0.85147,0,1,0,-0.85147,0,-0.5244,0.73008,0,0.38841,0
-0.52749,0,0.84956,0,1,0,-0.84956,0,-0.52749,0.73455,0,0.38636,0
-0.53056,0,0.84765,0,1,0,-0.84765,0,-0.53056,0.73899,0,0.38431,0
-0.5336,0,0.84573,0,1,0,-0.84573,0,-0.5336,0.74341,0,0.38224,0
-0.53663,0,0.84382,0,1,0,-0.84382,0,-0.53663,0.7478,0,0.38017,0
-0.53964,0,0.8419,0,1,0,-0.8419,0,-0.53964,0.75217,0,0.3781,0
-0.54262,0,0.83998,0,1,0,-0.83998,0,-0.54262,0.75651,0,0.37602,0
-0.54559,0,0.83805,0,1,0,-0.83805,0,-0.54559,0.76082,0,0.37393,0
-0.54853,0,0.83613,0,1,0,-0.83613,0,-0.54853,0.7651,0,0.37184,0
-0.55145,0,0.8342,0,1,0,-0.8342,0,-0.55145,0.76935,0,0.36974,0
-0.55436,0,0.83228,0,1,0,-0.83228,0,-0.55436,0.77358,0,0.36764,0
-0.55724,0,0.83035,0,1,0,-0.83035,0,-0.55724,0.77777,0,0.36553,0
-0.56009,0,0.82843,0,1,0,-0.82843,0,-0.56009,0.78194,0,0.36343,0
-0.56293,0,0.82651,0,1,0,-0.82651,0,-0.56293,0.78607,0,0.36132,0
-0.56574,0,0.82458,0,1,0,-0.82458,0,-0.56574,0.79018,0,0.3592,0
-0.56853,0,0.82266,0,1,0,-0.82266,0,-0.56853,0.79425,0,0.35709,0
-0.5713,0,0.82074,0,1,0,-0.82074,0,-0.5713,0.79829,0,0.35497,0
-0.57404,0,0.81883,0,1,0,-0.81883,0,-0.57404,0.8023,0,0.35286,0
-0.57676,0,0.81691,0,1,0,-0.81691,0,-0.57676,0.80628,0,0.35074,0
-0.57946,0,0.815,0,1,0,-0.815,0,-0.57946,0.81023,0,0.34863,0
-0.58213,0,0.81309,0,1,0,-0.81309,0,-0.58213,0.81415,0,0.34651,0
-0.58478,0,0.81119,0,1,0,-0.81119,0,-0.58478,0.81803,0,0.3444,0
-0.58741,0,0.80929,0,1,0,-0.80929,0,-0.58741,0.82188,0,0.34228,0
-0.59001,0,0.8074,0,1,0,-0.8074,0,-0.59001,0.82569,0,0.34017,0
-0.59258,0,0.80551,0,1,0,-0.80551,0,-0.59258,0.82948,0,0.33807,0
-0.59514,0,0.80362,0,1,0,-0.80362,0,-0.59514,0.83323,0,0.33596,0
-0.59766,0,0.80175,0,1,0,-0.80175,0,-0.59766,0.83694,0,0.33386,0
-0.60017,0,0.79987,0,1,0,-0.79987,0,-0.60017,0.84062,0,0.33177,0
-0.60264,0,0.79801,0,1,0,-0.79801,0,-0.60264,0.84426,0,0.32967,0
-0.6051,0,0.79615,0,1,0,-0.79615,0,-0.6051,0.84787,0,0.32759,0
-0.60752,0,0.7943,0,1,0,-0.7943,0,-0.60752,0.85145,0,0.32551,0
-0.60992,0,0.79246,0,1,0,-0.79246,0,-0.60992,0.85498,0,0.32344,0
-0.6123,0,0.79063,0,1,0,-0.79063,0,-0.6123,0.85849,0,0.32137,0
-0.61465,0,0.7888,0,1,0,-0.7888,0,-0.61465,0.86195,0,0.31931,0
-0.61697,0,0.78699,0,1,0,-0.78699,0,-0.61697,0.86538,0,0.31726,0
-0.61927,0,0.78518,0,1,0,-0.78518,0,-0.61927,0.86877,0,0.31522,0
-0.62154,0,0.78338,0,1,0,-0.78338,0,-0.62154,0.87213,0,0.31318,0
-0.62378,0,0.7816,0,1,0,-0.7816,0,-0.62378,0.87544,0,0.31116,0
-0.626,0,0.77982,0,1,0,-0.77982,0,-0.626,0.87872,0,0.30915,0
-0.62819,0,0.77806,0,1,0,-0.77806,0,-0.62819,0.88196,0,0.30714,0
-0.63035,0,0.77631,0,1,0,-0.77631,0,-0.63035,0.88517,0,0.30515,0
-0.63249,0,0.77457,0,1,0,-0.77457,0,-0.63249,0.88833,0,0.30317,0
-0.6346,0,0.77284,0,1,0,-0.77284,0,-0.6346,0.89146,0,0.3012,0
-0.63668,0,0.77113,0,1,0,-0.77113,0,-0.63668,0.89454,0,0.29925,0
-0.63873,0,0.76943,0,1,0,-0.76943,0,-0.63873,0.89759,0,0.29731,0
-0.64076,0,0.76774,0,1,0,-0.76774,0,-0.64076,0.9006,0,0.29538,0
-0.64276,0,0.76607,0,1,0,-0.76607,0,-0.64276,0.90357,0,0.29347,0
-0.64473,0,0.76441,0,1,0,-0.76441,0,-0.64473,0.9065,0,0.29157,0
-0.64667,0,0.76277,0,1,0,-0.76277,0,-0.64667,0.90938,0,0.28969,0
-0.64859,0,0.76114,0,1,0,-0.76114,0,-0.64859,0.91223,0,0.28782,0
-0.65047,0,0.75953,0,1,0,-0.75953,0,-0.65047,0.91504,0,0.28597,0
-0.65233,0,0.75794,0,1,0,-0.75794,0,-0.65233,0.9178,0,0.28414,0
-0.65416,0,0.75636,0,1,0,-0.75636,0,-0.65416,0.92053,0,0.28233,0
-0.65596,0,0.7548,0,1,0,-0.7548,0,-0.65596,0.92321,0,0.28053,0
-0.65773,0,0.75326,0,1,0,-0.75326,0,-0.65773,0.92585,0,0.27875,0
-0.65947,0,0.75173,0,1,0,-0.75173,0,-0.65947,0.92845,0,0.277,0
-0.66118,0,0.75022,0,1,0,-0.75022,0,-0.66118,0.93101,0,0.27526,0
-0.66287,0,0.74874,0,1,0,-0.74874,0,-0.66287,0.93352,0,0.27354,0
-0.66452,0,0.74727,0,1,0,-0.74727,0,-0.66452,0.93599,0,0.27184,0
-0.66615,0,0.74582,0,1,0,-0.74582,0,-0.66615,0.93842,0,0.27017,0
-0.66774,0,0.74439,0,1,0,-0.74439,0,-0.66774,0.94081,0,0.26852,0
-0.66931,0,0.74298,0,1,0,-0.74298,0,-0.66931,0.94315,0,0.26689,0
-0.67085,0,0.7416,0,1,0,-0.7416,0,-0.67085,0.94545,0,0.26528,0
-0.67235,0,0.74023,0,1,0,-0.74023,0,-0.67235,0.9477,0,0.2637,0
-0.67383,0,0.73889,0,1,0,-0.73889,0,-0.67383,0.94992,0,0.26214,0
-0.67528,0,0.73756,0,1,0,-0.73756,0,-0.67528,0.95208,0,0.26061,0
-0.67669,0,0.73627,0,1,0,-0.73627,0,-0.67669,0.9542,0,0.2591,0
-0.67808,0,0.73499,0,1,0,-0.73499,0,-0.67808,0.95628,0,0.25761,0
-0.67943,0,0.73374,0,1,0,-0.73374,0,-0.67943,0.95832,0,0.25616,0
-0.68076,0,0.73251,0,1,0,-0.73251,0,-0.68076,0.9603,0,0.25473,0
-0.68205,0,0.7313,0,1,0,-0.7313,0,-0.68205,0.96225,0,0.25332,0
-0.68332,0,0.73012,0,1,0,-0.73012,0,-0.68332,0.96414,0,0.25195,0
-0.68455,0,0.72897,0,1,0,-0.72897,0,-0.68455,0.96599,0,0.2506,0
-0.68575,0,0.72784,0,1,0,-0.72784,0,-0.68575,0.9678,0,0.24929,0
-0.68692,0,0.72673,0,1,0,-0.72673,0,-0.68692,0.96956,0,0.248,0
-0.68806,0,0.72566,0,1,0,-0.72566,0,-0.68806,0.97127,0,0.24674,0
-0.68916,0,0.7246,0,1,0,-0.7246,0,-0.68916,0.97293,0,0.24551,0
-0.69024,0,0.72358,0,1,0,-0.72358,0,-0.69024,0.97455,0,0.24432,0
-0.69128,0,0.72258,0,1,0,-0.72258,0,-0.69128,0.97612,0,0.24315,0
-0.6923,0,0.72161,0,1,0,-0.72161,0,-0.6923,0.97765,0,0.24202,0
-0.69328,0,0.72067,0,1,0,-0.72067,0,-0.69328,0.97912,0,0.24092,0
-0.69422,0,0.71976,0,1,0,-0.71976,0,-0.69422,0.98055,0,0.23985,0
-0.69514,0,0.71887,0,1,0,-0.71887,0,-0.69514,0.98193,0,0.23881,0
-0.69602,0,0.71802,0,1,0,-0.71802,0,-0.69602,0.98326,0,0.23781,0
-0.69687,0,0.71719,0,1,0,-0.71719,0,-0.69687,0.98455,0,0.23684,0
-0.69769,0,0.7164,0,1,0,-0.7164,0,-0.69769,0.98578,0,0.23591,0
-0.69848,0,0.71563,0,1,0,-0.71563,0,-0.69848,0.98696,0,0.23501,0
-0.69923,0,0.7149,0,1,0,-0.7149,0,-0.69923,0.9881,0,0.23415,0
-0.69995,0,0.71419,0,1,0,-0.71419,0,-0.69995,0.98918,0,0.23333,0
-0.70063,0,0.71352,0,1,0,-0.71352,0,-0.70063,0.99022,0,0.23254,0
-0.70129,0,0.71288,0,1,0,-0.71288,0,-0.70129,0.99121,0,0.23178,0
-0.70191,0,0.71227,0,1,0,-0.71227,0,-0.70191,0.99214,0,0.23107,0
-0.70249,0,0.71169,0,1,0,-0.71169,0,-0.70249,0.99302,0,0.23039,0
-0.70304,0,0.71115,0,1,0,-0.71115,0,-0.70304,0.99386,0,0.22975,0
-0.70356,0,0.71064,0,1,0,-0.71064,0,-0.70356,0.99464,0,0.22915,0
-0.70404,0,0.71016,0,1,0,-0.71016,0,-0.70404,0.99537,0,0.22859,0
-0.70449,0,0.70971,0,1,0,-0.70971,0,-0.70449,0.99604,0,0.22807,0
-0.7049,0,0.7093,0,1,0,-0.7093,0,-0.7049,0.99667,0,0.22758,0
-0.70528,0,0.70893,0,1,0,-0.70893,0,-0.70528,0.99724,0,0.22714,0
-0.70563,0,0.70858,0,1,0,-0.70858,0,-0.70563,0.99776,0,0.22674,0
-0.70593,0,0.70828,0,1,0,-0.70828,0,-0.70593,0.99823,0,0.22638,0
-0.70621,0,0.70801,0,1,0,-0.70801,0,-0.70621,0.99864,0,0.22606,0
-0.70644,0,0.70777,0,1,0,-0.70777,0,-0.70644,0.999,0,0.22578,0
-0.70665,0,0.70757,0,1,0,-0.70757,0,-0.70665,0.9993,0,0.22554,0
-0.70681,0,0.7074,0,1,0,-0.7074,0,-0.70681,0.99955,0,0.22535,0
-0.70694,0,0.70727,0,1,0,-0.70727,0,-0.70694,0.99975,0,0.2252,0
-0.70703,0,0.70718,0,1,0,-0.70718,0,-0.70703,0.99989,0,0.22509,0
-0.70709,0,0.70713,0,1,0,-0.70713,0,-0.70709,0.99997,0,0.22502,0
-0.70711,0,0.70711,0,1,0,-0.70711,0,-0.70711,1,0,0.225,0
-0.70711,0,0.70711,0,1,0,-0.70711,0,-0.70711,1,0,0.225,0
-0.70711,0,0.70711,0,1,0,-0.70711,0,-0.70711,1,0,0.22499,0
-0.70711,0,0.70711,0,1,0,-0.70711,0,-0.70711,1,0,0.22497,0
-0.70711,0,0.70711,0,1,0,-0.70711,0,-0.70711,1,0,0.22494,0
-0.70711,0,0.70711,0,1,0,-0.70711,0,-0.70711,1,0,0.22489,0
-0.70711,0,0.70711,0,1,0,-0.70711,0,-0.70711,1,0,0.22483,0
-0.70711,0,0.70711,0,1,0,-0.70711,0,-0.70711,1,0,0.22476,0
-0.70711,0,0.70711,0,1,0,-0.70711,0,-0.70711,1,0,0.22468,0
-0.70711,0,0.70711,0,1,0,-0.70711,0,-0.70711,1,0,0.22458,0
-0.70711,0,0.70711,0,1,0,-0.70711,0,-0.70711,1,0,0.22447,0
-0.70711,0,0.70711,0,1,0,-0.70711,0,-0.70711,1,0,0.22434,0
-0.70711,0,0.70711,0,1,0,-0.70711,0,-0.70711,1,0,0.22421,0
-0.70711,0,0.70711,0,1,0,-0.70711,0,-0.70711,1,0,0.22406,0
-0.70711,0,0.70711,0,1,0,-0.70711,0,-0.70711,1,0,0.2239,0
-0.70711,0,0.70711,0,1,0,-0.70711,0,-0.70711,1,0,0.22373,0
-0.70711,0,0.70711,0,1,0,-0.70711,0,-0.70711,1,0,0.22354,0
-0.70711,0,0.70711,0,1,0,-0.70711,0,-0.70711,1,0,0.22334,0
-0.70711,0,0.70711,0,1,0,-0.70711,0,-0.70711,1,0,0.22313,0
-0.70711,0,0.70711,0,1,0,-0.70711,0,-0.70711,1,0,0.22291,0
-0.70711,0,0.70711,0,1,0,-0.70711,0,-0.70711,1,0,0.22268,0
-0.70711,0,0.70711,0,1,0,-0.70711,0,-0.70711,1,0,0.22244,0
-0.70711,0,0.70711,0,1,0,-0.70711,0,-0.70711,1,0,0.22218,0
-0.70711,0,0.70711,0,1,0,-0.70711,0,-0.70711,1,0,0.22191,0
-0.70711,0,0.70711,0,1,0,-0.70711,0,-0.70711,1,0,0.22163,0
-0.70711,0,0.70711,0,1,0,-0.70711,0,-0.70711,1,0,0.22134,0
-0.70711,0,0.70711,0,1,0,-0.70711,0,-0.70711,1,0,0.22104,0
-0.70711,0,0.70711,0,1,0,-0.70711,0,-0.70711,1,0,0.22073,0
-0.70711,0,0.70711,0,1,0,-0.70711,0,-0.70711,1,0,0.2204,0
-0.70711,0,0.70711,0,1,0,-0.70711,0,-0.70711,1,0,0.22007,0
-0.70711,0,0.70711,0,1,0,-0.70711,0,-0.70711,1,0,0.21972,0
-0.70711,0,0.70711,0,1,0,-0.70711,0,-0.70711,1,0,0.21936,0
-0.70711,0,0.70711,0,1,0,-0.70711,0,-0.70711,1,0,0.219,0
-0.70711,0,0.70711,0,1,0,-0.70711,0,-0.70711,1,0,0.21862,0
-0.70711,0,0.70711,0,1,0,-0.70711,0,-0.70711,1,0,0.21823,0
-0.70711,0,0.70711,0,1,0,-0.70711,0,-0.70711,1,0,0.21783,0
-0.70711,0,0.70711,0,1,0,-0.70711,0,-0.70711,1,0,0.21742,0
-0.70711,0,0.70711,0,1,0,-0.70711,0,-0.70711,1,0,0.217,0
-0.70711,0,0.70711,0,1,0,-0.70711,0,-0.70711,1,0,0.21657,0
-0.70711,0,0.70711,0,1,0,-0.70711,0,-0.70711,1,0,0.21613,0
-0.70711,0,0.70711,0,1,0,-0.70711,0,-0.70711,1,0,0.21568,0
-0.70711,0,0.70711,0,1,0,-0.70711,0,-0.70711,1,0,0.21522,0
-0.70711,0,0.70711,0,1,0,-0.70711,0,-0.70711,1,0,0.21475,0
-0.70711,0,0.70711,0,1,0,-0.70711,0,-0.70711,1,0,0.21427,0
-0.70711,0,0.70711,0,1,0,-0.70711,0,-0.70711,1,0,0.21378,0
-0.70711,0,0.70711,0,1,0,-0.70711,0,-0.70711,1,0,0.21328,0
-0.70711,0,0.70711,0,1,0,-0.70711,0,-0.70711,1,0,0.21277,0
-0.70711,0,0.70711,0,1,0,-0.70711,0,-0.70711,1,0,0.21226,0
-0.70711,0,0.70711,0,1,0,-0.70711,0,-0.70711,1,0,0.21173,0
-0.70711,0,0.70711,0,1,0,-0.70711,0,-0.70711,1,0,0.21119,0
-0.70711,0,0.70711,0,1,0,-0.70711,0,-0.70711,1,0,0.21065,0
-0.70711,0,0.70711,0,1,0,-0.70711,0,-0.70711,1,0,0.21009,0
-0.70711,0,0.70711,0,1,0,-0.70711,0,-0.70711,1,0,0.20953,0
-0.70711,0,0.70711,0,1,0,-0.70711,0,-0.70711,1,0,0.20896,0
-0.70711,0,0.70711,0,1,0,-0.70711,0,-0.70711,1,0,0.20838,0
-0.70711,0,0.70711,0,1,0,-0.70711,0,-0.70711,1,0,0.20779,0
-0.70711,0,0.70711,0,1,0,-0.70711,0,-0.70711,1,0,0.20719,0
-0.70711,0,0.70711,0,1,0,-0.70711,0,-0.70711,1,0,0.20658,0
-0.70711,0,0.70711,0,1,0,-0.70711,0,-0.70711,1,0,0.20597,0
-0.70711,0,0.70711,0,1,0,-0.70711,0,-0.70711,1,0,0.20534,0
-0.70711,0,0.70711,0,1,0,-0.70711,0,-0.70711,1,0,0.20471,0
-0.70711,0,0.70711,0,1,0,-0.70711,0,-0.70711,1,0,0.20407,0
-0.70711,0,0.70711,0,1,0,-0.70711,0,-0.70711,1,0,0.20342,0
-0.70711,0,0.70711,0,1,0,-0.70711,0,-0.70711,1,0,0.20277,0
-0.70711,0,0.70711,0,1,0,-0.70711,0,-0.70711,1,0,0.2021,0
-0.70711,0,0.70711,0,1,0,-0.70711,0,-0.70711,1,0,0.20143,0
-0.70711,0,0.70711,0,1,0,-0.70711,0,-0.70711,1,0,0.20075,0
-0.70711,0,0.70711,0,1,0,-0.70711,0,-0.70711,1,0,0.20007,0
-0.70711,0,0.70711,0,1,0,-0.70711,0,-0.70711,1,0,0.19937,0
-0.70711,0,0.70711,0,1,0,-0.70711,0,-0.70711,1,0,0.19867,0
-0.70711,0,0.70711,0,1,0,-0.70711,0,-0.70711,1,0,0.19796,0
-0.70711,0,0.70711,0,1,0,-0.70711,0,-0.70711,1,0,0.19725,0
-0.70711,0,0.70711,0,1,0,-0.70711,0,-0.70711,1,0,0.19652,0
-0.70711,0,0.70711,0,1,0,-0.70711,0,-0.70711,1,0,0.19579,0
-0.70711,0,0.70711,0,1,0,-0.70711,0,-0.70711,1,0,0.19506,0
-0.70711,0,0.70711,0,1,0,-0.70711,0,-0.70711,1,0,0.19431,0
-0.70711,0,0.70711,0,1,0,-0.70711,0,-0.70711,1,0,0.19356,0
-0.70711,0,0.70711,0,1,0,-0.70711,0,-0.70711,1,0,0.1928,0
-0.70711,0,0.70711,0,1,0,-0.70711,0,-0.70711,1,0,0.19204,0
-0.70711,0,0.70711,0,1,0,-0.70711,0,-0.70711,1,0,0.19127,0
-0.70711,0,0.70711,0,1,0,-0.70711,0,-0.70711,1,0,0.19049,0
-0.70711,0,0.70711,0,1,0,-0.70711,0,-0.70711,1,0,0.18971,0
-0.70711,0,0.70711,0,1,0,-0.70711,0,-0.70711,1,0,0.18892,0
-0.70711,0,0.70711,0,1,0,-0.70711,0,-0.70711,1,0,0.18812,0
-0.70711,0,0.70711,0,1,0,-0.70711,0,-0.70711,1,0,0.18732,0
-0.70711,0,0.70711,0,1,0,-0.70711,0,-0.70711,1,0,0.18651,0
-0.70711,0,0.70711,0,1,0,-0.70711,0,-0.70711,1,0,0.1857,0
-0.70711,0,0.70711,0,1,0,-0.70711,0,-0.70711,1,0,0.18488,0
-0.70711,0,0.70711,0,1,0,-0.70711,0,-0.70711,1,0,0.18406,0
-0.70711,0,0.70711,0,1,0,-0.70711,0,-0.70711,1,0,0.18322,0
-0.70711,0,0.70711,0,1,0,-0.70711,0,-0.70711,1,0,0.18239,0
-0.70711,0,0.70711,0,1,0,-0.70711,0,-0.70711,1,0,0.18155,0
-0.70711,0,0.70711,0,1,0,-0.70711,0,-0.70711,1,0,0.1807,0
-0.70711,0,0.70711,0,1,0,-0.70711,0,-0.70711,1,0,0.17985,0
-0.70711,0,0.70711,0,1,0,-0.70711,0,-0.70711,1,0,0.17899,0
-0.70711,0,0.70711,0,1,0,-0.70711,0,-0.70711,1,0,0.17813,0
-0.70711,0,0.70711,0,1,0,-0.70711,0,-0.70711,1,0,0.17726,0
-0.70711,0,0.70711,0,1,0,-0.70711,0,-0.70711,1,0,0.17639,0
-0.70711,0,0.70711,0,1,0,-0.70711,0,-0.70711,1,0,0.17551,0
-0.70711,0,0.70711,0,1,0,-0.70711,0,-0.70711,1,0,0.17463,0
-0.70711,0,0.70711,0,1,0,-0.70711,0,-0.70711,1,0,0.17374,0
-0.70711,0,0.70711,0,1,0,-0.70711,0,-0.70711,1,0,0.17285,0
-0.70711,0,0.70711,0,1,0,-0.70711,0,-0.70711,1,0,0.17196,0
-0.70711,0,0.70711,0,1,0,-0.70711,0,-0.70711,1,0,0.17106,0
-0.70711,0,0.70711,0,1,0,-0.70711,0,-0.70711,1,0,0.17015,0
-0.70711,0,0.70711,0,1,0,-0.70711,0,-0.70711,1,0,0.16924,0
-0.70711,0,0.70711,0,1,0,-0.70711,0,-0.70711,1,0,0.16833,0
-0.70711,0,0.70711,0,1,0,-0.70711,0,-0.70711,1,0,0.16741,0
-0.70711,0,0.70711,0,1,0,-0.70711,0,-0.70711,1,0,0.16649,0
-0.70711,0,0.70711,0,1,0,-0.70711,0,-0.70711,1,0,0.16557,0
-0.70711,0,0.70711,0,1,0,-0.70711,0,-0.70711,1,0,0.16464,0
-0.70711,0,0.70711,0,1,0,-0.70711,0,-0.70711,1,0,0.16371,0
-0.70711,0,0.70711,0,1,0,-0.70711,0,-0.70711,1,0,0.16277,0
-0.70711,0,0.70711,0,1,0,-0.70711,0,-0.70711,1,0,0.16184,0
-0.70711,0,0.70711,0,1,0,-0.70711,0,-0.70711,1,0,0.16089,0
-0.70711,0,0.70711,0,1,0,-0.70711,0,-0.70711,1,0,0.15995,0
-0.70711,0,0.70711,0,1,0,-0.70711,0,-0.70711,1,0,0.159,0
-0.70711,0,0.70711,0,1,0,-0.70711,0,-0.70711,1,0,0.15805,0
-0.70711,0,0.70711,0,1,0,-0.70711,0,-0.70711,1,0,0.1571,0
-0.70711,0,0.70711,0,1,0,-0.70711,0,-0.70711,1,0,0.15614,0
-0.70711,0,0.70711,0,1,0,-0.70711,0,-0.70711,1,0,0.15518,0
-0.70711,0,0.70711,0,1,0,-0.70711,0,-0.70711,1,0,0.15421,0
-0.70711,0,0.70711,0,1,0,-0.70711,0,-0.70711,1,0,0.15325,0
-0.70711,0,0.70711,0,1,0,-0.70711,0,-0.70711,1,0,0.15228,0
-0.70711,0,0.70711,0,1,0,-0.70711,0,-0.70711,1,0,0.15131,0
-0.70711,0,0.70711,0,1,0,-0.70711,0,-0.70711,1,0,0.15034,0
-0.70711,0,0.70711,0,1,0,-0.70711,0,-0.70711,1,0,0.14936,0
-0.70711,0,0.70711,0,1,0,-0.70711,0,-0.70711,1,0,0.14838,0
-0.70711,0,0.70711,0,1,0,-0.70711,0,-0.70711,1,0,0.1474,0
-0.70711,0,0.70711,0,1,0,-0.70711,0,-0.70711,1,0,0.14642,0
-0.70711,0,0.70711,0,1,0,-0.70711,0,-0.70711,1,0,0.14544,0
-0.70711,0,0.70711,0,1,0,-0.70711,0,-0.70711,1,0,0.14445,0
-0.70711,0,0.70711,0,1,0,-0.70711,0,-0.70711,1,0,0.14347,0
-0.70711,0,0.70711,0,1,0,-0.70711,0,-0.70711,1,0,0.14248,0
-0.70711,0,0.70711,0,1,0,-0.70711,0,-0.70711,1,0,0.14149,0
-0.70711,0,0.70711,0,1,0,-0.70711,0,-0.70711,1,0,0.1405,0
-0.70711,0,0.70711,0,1,0,-0.70711,0,-0.70711,1,0,0.1395,0
-0.70711,0,0.70711,0,1,0,-0.70711,0,-0.70711,1,0,0.13851,0
-0.70711,0,0.70711,0,1,0,-0.70711,0,-0.70711,1,0,0.13751,0
-0.70711,0,0.70711,0,1,0,-0.70711,0,-0.70711,1,0,0.13652,0
-0.70711,0,0.70711,0,1,0,-0.70711,0,-0.70711,1,0,0.13552,0
-0.70711,0,0.70711,0,1,0,-0.70711,0,-0.70711,1,0,0.13452,0
-0.70711,0,0.70711,0,1,0,-0.70711,0,-0.70711,1,0,0.13352,0
-0.70711,0,0.70711,0,1,0,-0.70711,0,-0.70711,1,0,0.13252,0
-0.70711,0,0.70711,0,1,0,-0.70711,0,-0.70711,1,0,0.13152,0
-0.70711,0,0.70711,0,1,0,-0.70711,0,-0.70711,1,0,0.13052,0
-0.70711,0,0.70711,0,1,0,-0.70711,0,-0.70711,1,0,0.12951,0
-0.70711,0,0.70711,0,1,0,-0.70711,0,-0.70711,1,0,0.12851,0
-0.70711,0,0.70711,0,1,0,-0.70711,0,-0.70711,1,0,0.12751,0
-0.70711,0,0.70711,0,1,0,-0.70711,0,-0.70711,1,0,0.1265,0
-0.70711,0,0.70711,0,1,0,-0.70711,0,-0.70711,1,0,0.1255,0
-0.70711,0,0.70711,0,1,0,-0.70711,0,-0.70711,1,0,0.1245,0
-0.70711,0,0.70711,0,1,0,-0.70711,0,-0.70711,1,0,0.1235,0
-0.70711,0,0.70711,0,1,0,-0.70711,0,-0.70711,1,0,0.12249,0
-0.70711,0,0.70711,0,1,0,-0.70711,0,-0.70711,1,0,0.12149,0
-0.70711,0,0.70711,0,1,0,-0.70711,0,-0.70711,1,0,0.12049,0
-0.70711,0,0.70711,0,1,0,-0.70711,0,-0.70711,1,0,0.11948,0
-0.70711,0,0.70711,0,1,0,-0.70711,0,-0.70711,1,0,0.11848,0
-0.70711,0,0.70711,0,1,0,-0.70711,0,-0.70711,1,0,0.11748,0
-0.70711,0,0.70711,0,1,0,-0.70711,0,-0.70711,1,0,0.11648,0
-0.70711,0,0.70711,0,1,0,-0.70711,0,-0.70711,1,0,0.11548,0
-0.70711,0,0.70711,0,1,0,-0.70711,0,-0.70711,1,0,0.11448,0
-0.70711,0,0.70711,0,1,0,-0.70711,0,-0.70711,1,0,0.11348,0
-0.70711,0,0.70711,0,1,0,-0.70711,0,-0.70711,1,0,0.11249,0
-0.70711,0,0.70711,0,1,0,-0.70711,0,-0.70711,1,0,0.11149,0
-0.70711,0,0.70711,0,1,0,-0.70711,0,-0.70711,1,0,0.1105,0
-0.70711,0,0.70711,0,1,0,-0.70711,0,-0.70711,1,0,0.1095,0
-0.70711,0,0.70711,0,1,0,-0.70711,0,-0.70711,1,0,0.10851,0
-0.70711,0,0.70711,0,1,0,-0.70711,0,-0.70711,1,0,0.10752,0
-0.70711,0,0.70711,0,1,0,-0.70711,0,-0.70711,1,0,0.10653,0
-0.70711,0,0.70711,0,1,0,-0.70711,0,-0.70711,1,0,0.10555,0
-0.70711,0,0.70711,0,1,0,-0.70711,0,-0.70711,1,0,0.10456,0
-0.70711,0,0.70711,0,1,0,-0.70711,0,-0.70711,1,0,0.10358,0
-0.70711,0,0.70711,0,1,0,-0.70711,0,-0.70711,1,0,0.1026,0
-0.70711,0,0.70711,0,1,0,-0.70711,0,-0.70711,1,0,0.10162,0
-0.70711,0,0.70711,0,1,0,-0.70711,0,-0.70711,1,0,0.10064,0
-0.70711,0,0.70711,0,1,0,-0.70711,0,-0.70711,1,0,0.099663,0
-0.70711,0,0.70711,0,1,0,-0.70711,0,-0.70711,1,0,0.09869,0
-0.70711,0,0.70711,0,1,0,-0.70711,0,-0.70711,1,0,0.097719,0
-0.70711,0,0.70711,0,1,0,-0.70711,0,-0.70711,1,0,0.096751,0
-0.70711,0,0.70711,0,1,0,-0.70711,0,-0.70711,1,0,0.095785,0
-0.70711,0,0.70711,0,1,0,-0.70711,0,-0.70711,1,0,0.094823,0
-0.70711,0,0.70711,0,1,0,-0.70711,0,-0.70711,1,0,0.093862,0
-0.70711,0,0.70711,0,1,0,-0.70711,0,-0.70711,1,0,0.092905,0
-0.70711,0,0.70711,0,1,0,-0.70711,0,-0.70711,1,0,0.091951,0
-0.70711,0,0.70711,0,1,0,-0.70711,0,-0.70711,1,0,0.090999,0
-0.70711,0,0.70711,0,1,0,-0.70711,0,-0.70711,1,0,0.090051,0
-0.70711,0,0.70711,0,1,0,-0.70711,0,-0.70711,1,0,0.089106,0
-0.70711,0,0.70711,0,1,0,-0.70711,0,-0.70711,1,0,0.088164,0
-0.70711,0,0.70711,0,1,0,-0.70711,0,-0.70711,1,0,0.087225,0
-0.70711,0,0.70711,0,1,0,-0.70711,0,-0.70711,1,0,0.08629,0
-0.70711,0,0.70711,0,1,0,-0.70711,0,-0.70711,1,0,0.085359,0
-0.70711,0,0.70711,0,1,0,-0.70711,0,-0.70711,1,0,0.084431,0
-0.70711,0,0.70711,0,1,0,-0.70711,0,-0.70711,1,0,0.083507,0
-0.70711,0,0.70711,0,1,0,-0.70711,0,-0.70711,1,0,0.082586,0
-0.70711,0,0.70711,0,1,0,-0.70711,0,-0.70711,1,0,0.08167,0
-0.70711,0,0.70711,0,1,0,-0.70711,0,-0.70711,1,0,0.080757,0
-0.70711,0,0.70711,0,1,0,-0.70711,0,-0.70711,1,0,0.079849,0
-0.70711,0,0.70711,0,1,0,-0.70711,0,-0.70711,1,0,0.078945,0
-0.70711,0,0.70711,0,1,0,-0.70711,0,-0.70711,1,0,0.078045,0
-0.70711,0,0.70711,0,1,0,-0.70711,0,-0.70711,1,0,0.077149,0
-0.70711,0,0.70711,0,1,0,-0.70711,0,-0.70711,1,0,0.076258,0
-0.70711,0,0.70711,0,1,0,-0.70711,0,-0.70711,1,0,0.075372,0
-0.70711,0,0.70711,0,1,0,-0.70711,0,-0.70711,1,0,0.07449,0
-0.70711,0,0.70711,0,1,0,-0.70711,0,-0.70711,1,0,0.073613,0
-0.70711,0,0.70711,0,1,0,-0.70711,0,-0.70711,1,0,0.07274,0
-0.70711,0,0.70711,0,1,0,-0.70711,0,-0.70711,1,0,0.071873,0
-0.70711,0,0.70711,0,1,0,-0.70711,0,-0.70711,1,0,0.07101,0
-0.70711,0,0.70711,0,1,0,-0.70711,0,-0.70711,1,0,0.070152,0
-0.70711,0,0.70711,0,1,0,-0.70711,0,-0.70711,1,0,0.0693,0
-0.70711,0,0.70711,0,1,0,-0.70711,0,-0.70711,1,0,0.068453,0
-0.70711,0,0.70711,0,1,0,-0.70711,0,-0.70711,1,0,0.067611,0
-0.70711,0,0.70711,0,1,0,-0.70711,0,-0.70711,1,0,0.066775,0
-0.70711,0,0.70711,0,1,0,-0.70711,0,-0.70711,1,0,0.065944,0
-0.70711,0,0.70711,0,1,0,-0.70711,0,-0.70711,1,0,0.065119,0
-0.70711,0,0.70711,0,1,0,-0.70711,0,-0.70711,1,0,0.0643,0
-0.70711,0,0.70711,0,1,0,-0.70711,0,-0.70711,1,0,0.063486,0
-0.70711,0,0.70711,0,1,0,-0.70711,0,-0.70711,1,0,0.062678,0
-0.70711,0,0.70711,0,1,0,-0.70711,0,-0.70711,1,0,0.061876,0
-0.70711,0,0.70711,0,1,0,-0.70711,0,-0.70711,1,0,0.061081,0
-0.70711,0,0.70711,0,1,0,-0.70711,0,-0.70711,1,0,0.060291,0
-0.70711,0,0.70711,0,1,0,-0.70711,0,-0.70711,1,0,0.059508,0
-0.70711,0,0.70711,0,1,0,-0.70711,0,-0.70711,1,0,0.058731,0
-0.70711,0,0.70711,0,1,0,-0.70711,0,-0.70711,1,0,0.05796,0
-0.70711,0,0.70711,0,1,0,-0.70711,0,-0.70711,1,0,0.057196,0
-0.70711,0,0.70711,0,1,0,-0.70711,0,-0.70711,1,0,0.056438,0
-0.70711,0,0.70711,0,1,0,-0.70711,0,-0.70711,1,0,0.055688,0
-0.70711,0,0.70711,0,1,0,-0.70711,0,-0.70711,1,0,0.054943,0
-0.70711,0,0.70711,0,1,0,-0.70711,0,-0.70711,1,0,0.054206,0
-0.70711,0,0.70711,0,1,0,-0.70711,0,-0.70711,1,0,0.053476,0
-0.70711,0,0.70711,0,1,0,-0.70711,0,-0.70711,1,0,0.052753,0
-0.70711,0,0.70711,0,1,0,-0.70711,0,-0.70711,1,0,0.052037,0
-0.70711,0,0.70711,0,1,0,-0.70711,0,-0.70711,1,0,0.051328,0
-0.70711,0,0.70711,0,1,0,-0.70711,0,-0.70711,1,0,0.050627,0
-0.70711,0,0.70711,0,1,0,-0.70711,0,-0.70711,1,0,0.049932,0
-0.70711,0,0.70711,0,1,0,-0.70711,0,-0.70711,1,0,0.049246,0
-0.70711,0,0.70711,0,1,0,-0.70711,0,-0.70711,1,0,0.048567,0
-0.70711,0,0.70711,0,1,0,-0.70711,0,-0.70711,1,0,0.047896,0
-0.70711,0,0.70711,0,1,0,-0.70711,0,-0.70711,1,0,0.047232,0
-0.70711,0,0.70711,0,1,0,-0.70711,0,-0.70711,1,0,0.046576,0
-0.70711,0,0.70711,0,1,0,-0.70711,0,-0.70711,1,0,0.045929,0
-0.70711,0,0.70711,0,1,0,-0.70711,0,-0.70711,1,0,0.045289,0
-0.70711,0,0.70711,0,1,0,-0.70711,0,-0.70711,1,0,0.044657,0
-0.70711,0,0.70711,0,1,0,-0.70711,0,-0.70711,1,0,0.044034,0
-0.70711,0,0.70711,0,1,0,-0.70711,0,-0.70711,1,0,0.043419,0
-0.70711,0,0.70711,0,1,0,-0.70711,0,-0.70711,1,0,0.042812,0
-0.70711,0,0.70711,0,1,0,-0.70711,0,-0.70711,1,0,0.042214,0
-0.70711,0,0.70711,0,1,0,-0.70711,0,-0.70711,1,0,0.041624,0
-0.70711,0,0.70711,0,1,0,-0.70711,0,-0.70711,1,0,0.041043,0
-0.70711,0,0.70711,0,1,0,-0.70711,0,-0.70711,1,0,0.040471,0
-0.70711,0,0.70711,0,1,0,-0.70711,0,-0.70711,1,0,0.039908,0
-0.70711,0,0.70711,0,1,0,-0.70711,0,-0.70711,1,0,0.039353,0
-0.70711,0,0.70711,0,1,0,-0.70711,0,-0.70711,1,0,0.038808,0
-0.70711,0,0.70711,0,1,0,-0.70711,0,-0.70711,1,0,0.038272,0
-0.70711,0,0.70711,0,1,0,-0.70711,0,-0.70711,1,0,0.037745,0
-0.70711,0,0.70711,0,1,0,-0.70711,0,-0.70711,1,0,0.037227,0
-0.70711,0,0.70711,0,1,0,-0.70711,0,-0.70711,1,0,0.036718,0
-0.70711,0,0.70711,0,1,0,-0.70711,0,-0.70711,1,0,0.03622,0
-0.70711,0,0.70711,0,1,0,-0.70711,0,-0.70711,1,0,0.03573,0
-0.70711,0,0.70711,0,1,0,-0.70711,0,-0.70711,1,0,0.03525,0
-0.70711,0,0.70711,0,1,0,-0.70711,0,-0.70711,1,0,0.03478,0
-0.70711,0,0.70711,0,1,0,-0.70711,0,-0.70711,1,0,0.03432,0
-0.70711,0,0.70711,0,1,0,-0.70711,0,-0.70711,1,0,0.03387,0
-0.70711,0,0.70711,0,1,0,-0.70711,0,-0.70711,1,0,0.03343,0
-0.70711,0,0.70711,0,1,0,-0.70711,0,-0.70711,1,0,0.033,0
-0.70711,0,0.70711,0,1,0,-0.70711,0,-0.70711,1,0,0.03258,0
-0.70711,0,0.70711,0,1,0,-0.70711,0,-0.70711,1,0,0.03217,0
-0.70711,0,0.70711,0,1,0,-0.70711,0,-0.70711,1,0,0.031771,0
-0.70711,0,0.70711,0,1,0,-0.70711,0,-0.70711,1,0,0.031382,0
-0.70711,0,0.70711,0,1,0,-0.70711,0,-0.70711,1,0,0.031004,0
-0.70711,0,0.70711,0,1,0,-0.70711,0,-0.70711,1,0,0.030636,0
-0.70711,0,0.70711,0,1,0,-0.70711,0,-0.70711,1,0,0.030279,0
-0.70711,0,0.70711,0,1,0,-0.70711,0,-0.70711,1,0,0.029933,0
-0.70711,0,0.70711,0,1,0,-0.70711,0,-0.70711,1,0,0.029598,0
-0.70711,0,0.70711,0,1,0,-0.70711,0,-0.70711,1,0,0.029274,0
-0.70711,0,0.70711,0,1,0,-0.70711,0,-0.70711,1,0,0.028961,0
-0.70711,0,0.70711,0,1,0,-0.70711,0,-0.70711,1,0,0.028659,0
-0.70711,0,0.70711,0,1,0,-0.70711,0,-0.70711,1,0,0.028368,0
-0.70711,0,0.70711,0,1,0,-0.70711,0,-0.70711,1,0,0.028089,0
-0.70711,0,0.70711,0,1,0,-0.70711,0,-0.70711,1,0,0.027821,0
-0.70711,0,0.70711,0,1,0,-0.70711,0,-0.70711,1,0,0.027565,0
-0.70711,0,0.70711,0,1,0,-0.70711,0,-0.70711,1,0,0.02732,0
-0.70711,0,0.70711,0,1,0,-0.70711,0,-0.70711,1,0,0.027087,0
-0.70711,0,0.70711,0,1,0,-0.70711,0,-0.70711,1,0,0.026866,0
-0.70711,0,0.70711,0,1,0,-0.70711,0,-0.70711,1,0,0.026657,0
-0.70711,0,0.70711,0,1,0,-0.70711,0,-0.70711,1,0,0.02646,0
-0.70711,0,0.70711,0,1,0,-0.70711,0,-0.70711,1,0,0.026274,0
-0.70711,0,0.70711,0,1,0,-0.70711,0,-0.70711,1,0,0.026101,0
-0.70711,0,0.70711,0,1,0,-0.70711,0,-0.70711,1,0,0.025941,0
-0.70711,0,0.70711,0,1,0,-0.70711,0,-0.70711,1,0,0.025792,0
-0.70711,0,0.70711,0,1,0,-0.70711,0,-0.70711,1,0,0.025656,0
-0.70711,0,0.70711,0,1,0,-0.70711,0,-0.70711,1,0,0.025533,0
-0.70711,0,0.70711,0,1,0,-0.70711,0,-0.70711,1,0,0.025422,0
-0.70711,0,0.70711,0,1,0,-0.70711,0,-0.70711,1,0,0.025324,0
-0.70711,0,0.70711,0,1,0,-0.70711,0,-0.70711,1,0,0.025238,0
-0.70711,0,0.70711,0,1,0,-0.70711,0,-0.70711,1,0,0.025166,0
-0.70711,0,0.70711,0,1,0,-0.70711,0,-0.70711,1,0,0.025106,0
-0.70711,0,0.70711,0,1,0,-0.70711,0,-0.70711,1,0,0.02506,0
-0.70711,0,0.70711,0,1,0,-0.70711,0,-0.70711,1,0,0.025027,0
-0.70711,0,0.70711,0,1,0,-0.70711,0,-0.70711,1,0,0.025007,0
-0.70711,0,0.70711,0,1,0,-0.70711,0,-0.70711,1,0,0.025,0
-0.70711,0,0.70711,0,1,0,-0.70711,0,-0.70711,1,0,0.025,1
-0.70711,0,0.70711,0,1,0,-0.70711,0,-0.70711,1,0,0.025,1
-0.70711,0,0.70711,0,1,0,-0.70711,0,-0.70711,1,0,0.025,1
-0.70711,0,0.70711,0,1,0,-0.70711,0,-0.70711,1,0,0.025,1
-0.70711,0,0.70711,0,1,0,-0.70711,0,-0.70711,1,0,0.025,1
-0.70711,0,0.70711,0,1,0,-0.70711,0,-0.70711,1,0,0.025,1
-0.70711,0,0.70711,0,1,0,-0.70711,0,-0.70711,1,0,0.025,1
-0.70711,0,0.70711,0,1,0,-0.70711,0,-0.70711,1,0,0.025,1
-0.70711,0,0.70711,0,1,0,-0.70711,0,-0.70711,1,0,0.025,1
-0.70711,0,0.70711,0,1,0,-0.70711,0,-0.70711,1,0,0.025,1
-0.70711,0,0.70711,0,1,0,-0.70711,0,-0.70711,1,0,0.025,1
-0.70711,0,0.70711,0,1,0,-0.70711,0,-0.70711,1,0,0.025,1
-0.70711,0,0.70711,0,1,0,-0.70711,0,-0.70711,1,0,0.025,1
-0.70711,0,0.70711,0,1,0,-0.70711,0,-0.70711,1,0,0.025,1
-0.70711,0,0.70711,0,1,0,-0.70711,0,-0.70711,1,0,0.025,1
-0.70711,0,0.70711,0,1,0,-0.70711,0,-0.70711,1,0,0.025,1
-0.70711,0,0.70711,0,1,0,-0.70711,0,-0.70711,1,0,0.025,1
-0.70711,0,0.70711,0,1,0,-0.70711,0,-0.70711,1,0,0.025,1
-0.70711,0,0.70711,0,1,0,-0.70711,0,-0.70711,1,0,0.025,1
-0.70711,0,0.70711,0,1,0,-0.70711,0,-0.70711,1,0,0.025,1
-0.70711,0,0.70711,0,1,0,-0.70711,0,-0.70711,1,0,0.025,1
-0.70711,0,0.70711,0,1,0,-0.70711,0,-0.70711,1,0,0.025,1
-0.70711,0,0.70711,0,1,0,-0.70711,0,-0.70711,1,0,0.025,1
-0.70711,0,0.70711,0,1,0,-0.70711,0,-0.70711,1,0,0.025,1
-0.70711,0,0.70711,0,1,0,-0.70711,0,-0.70711,1,0,0.025,1
-0.70711,0,0.70711,0,1,0,-0.70711,0,-0.70711,1,0,0.025,1
-0.70711,0,0.70711,0,1,0,-0.70711,0,-0.70711,1,0,0.025,1
-0.70711,0,0.70711,0,1,0,-0.70711,0,-0.70711,1,0,0.025,1
-0.70711,0,0.70711,0,1,0,-0.70711,0,-0.70711,1,0,0.025,1
-0.70711,0,0.70711,0,1,0,-0.70711,0,-0.70711,1,0,0.025,1
-0.70711,0,0.70711,0,1,0,-0.70711,0,-0.70711,1,0,0.025,1
-0.70711,0,0.70711,0,1,0,-0.70711,0,-0.70711,1,0,0.025,1
-0.70711,0,0.70711,0,1,0,-0.70711,0,-0.70711,1,0,0.025,1
-0.70711,0,0.70711,0,1,0,-0.70711,0,-0.70711,1,0,0.025,1
-0.70711,0,0.70711,0,1,0,-0.70711,0,-0.70711,1,0,0.025,1
-0.70711,0,0.70711,0,1,0,-0.70711,0,-0.70711,1,0,0.025,1
-0.70711,0,0.70711,0,1,0,-0.70711,0,-0.70711,1,0,0.025,1
-0.70711,0,0.70711,0,1,0,-0.70711,0,-0.70711,1,0,0.025,1
-0.70711,0,0.70711,0,1,0,-0.70711,0,-0.70711,1,0,0.025,1
-0.70711,0,0.70711,0,1,0,-0.70711,0,-0.70711,1,0,0.025,1
-0.70711,0,0.70711,0,1,0,-0.70711,0,-0.70711,1,0,0.025,1
-0.70711,0,0.70711,0,1,0,-0.70711,0,-0.70711,1,0,0.025,1
-0.70711,0,0.70711,0,1,0,-0.70711,0,-0.70711,1,0,0.025,1
-0.70711,0,0.70711,0,1,0,-0.70711,0,-0.70711,1,0,0.025,1
-0.70711,0,0.70711,0,1,0,-0.70711,0,-0.70711,1,0,0.025,1
-0.70711,0,0.70711,0,1,0,-0.70711,0,-0.70711,1,0,0.025,1
-0.70711,0,0.70711,0,1,0,-0.70711,0,-0.70711,1,0,0.025,1
-0.70711,0,0.70711,0,1,0,-0.70711,0,-0.70711,1,0,0.025,1
-0.70711,0,0.70711,0,1,0,-0.70711,0,-0.70711,1,0,0.025,1
-0.70711,0,0.70711,0,1,0,-0.70711,0,-0.70711,1,0,0.025,1
